29427036155919
5216210136
3616537293
3395545914
3216861046
3226433046
3184829370
3205111315
3205164983
3205049885
3195310180
3226945791
3245400261
3262531278
3281867377
3312392242
3286032796
3314724607
3317654430
3378731013
3412313509
3400327068
3441986866
3471489052
3502531254
3536577067
3558206752
3589539577
3661292253
3671771640
3709020368
3758505243
3821684106
3877449730
3892770209
3974797184
4036230980
4051245760
4144692027
4185464248
4281146083
4329648647
4381345839
4448140240
4526020440
4670049277
4723117647
4800966940
4888361995
5014336704
5103856059
5211590525
5335206473
5432570568
5553053501
5708098848
5825666780
6001023470
6064403138
6258441625
6466847286
6644243860
6785887142
6994380044
7209531945
7388281205
7583907873
7878641061
8151237380
8384392727
8670491145
8931798874
9356519186
9660257087
9964299528
10388794304
10804305898
11241254054
11662359900
12197333435
12732207130
13287714405
13896424656
14581515010
15320872893
16044063191
16868578858
17803243546
18792404861
19864150939
21067281793
22351930037
23780213886
25336174460
26989564086
28866112959
31114279626
33468012255
36132309952
39195723299
42664511645
46611586301
51086415605
56272235836
62364442238
69372533912
77683691331
87727556403
99905974243
114637382068
133149699607
156261073616
186419476711
225670181723
279231581243
354271375733
464746362246
635737031269
922949403297
1459807103236
2647850884090
6208662773227
28276025589447
1566475054290440
17567991899691
4897406433888
2259929028891
1295913226428
839387209969
587497956784
434430574969
333751141377
264762439989
215174832778
178469312082
150174018335
128232867916
110849665655
96795841698
85192617010
75468144015
67453725974
60743223881
54851858095
49882056216
45568284245
41628693849
38357516529
35315446087
32791572530
30400676046
28316883580
26471985688
24716767500
23269394172
21794266834
20542633634
19443232055
18323495788
17352114494
16409142369
15616138054
14888622829
14155252030
13506755871
12873940746
12330019828
11785592049
11273867615
10810025348
10399781179
9964408253
9590227031
9212800452
8891403560
8577824377
8264345111
7980500062
7754785106
7423798489
7235733804
6996222415
6769914000
6563251924
6383074801
6166954326
6027379343
5804975985
5630786860
5500419860
5356513990
5230208300
5062159165
4924524503
4815384740
4679296341
4570108708
4457826294
4349878872
4241619365
4158997010
4036396301
3972599998
3887925810
3802491451
3706808817
3618160714
3560712558
3481151125
3417634937
3332411810
3282348452
3225087083
3139063842
3093317555
3035808685
2966939700
2933044836
2867212128
2835765202
2773840357
2707034171
2669544515
2627001905
2601389771
2549711657
2504290061
2458312619
2423149921
2358879692
2341701900
2323539760
2281814037
2247711182
2207456830
2169520311
2150307288
2095787052
2080633954
2056560500
2044386677
1999239580
2003811785
2022261636
2078052767
2831961008
11655839495
2209372604
1931928378
1851247644
1829947712
1774773375
1750618404
1719530502
1687618557
1667463672
1658370523
1616074680
1608316891
1594601220
1575670722
1572037614
1539081072
1533698847
1503935737
1486873123
1485007026
1452589529
1459599177
1422381592
1416455825
1412410426
1395316240
1363844703
1366907254
1350926031
1345015799
1320256516
1314617686
1303107816
1287033072
1270368711
1268318498
1251394135
1245147445
1236126348
1210689548
1228282153
1195353376
1199138372
1175225851
1171820480
1163479862
1144363124
1130543265
1123057730
1122783327
1108557443
1098386225
1109279214
1083323548
1073380853
1058164937
1064009748
1061437457
1041084318
1039292227
1034565301
1037083669
1013570622
1018773889
1013764034
998146586
992166464
981594152
969470099
972178038
955892486
951761304
940178694
949405963
942021667
921418605
927419709
922975132
919892919
917847113
913805260
909379966
890471013
891822164
878880278
881784872
881534010
873906406
874687323
854790182
874483887
847165468
858561250
844937793
837380239
836667988
829081670
830249907
834488377
811349705
819545809
822310496
796385802
800459886
802555325
796772190
794798735
779804656
783911523
780333769
777389589
777969907
776562140
768384536
768034974
765166553
760624883
768780469
754674334
752387069
753619810
792348761
891801405
745751509
737423577
739131402
739136179
733197467
729665090
716330056
718378711
714041349
728029986
719767677
713737700
705381803
706502870
701846963
704524100
701829705
689011341
697440195
682930938
682993452
684851427
688593726
673982597
678984652
674671894
679336639
668824492
671618295
669347767
654504400
665249169
669280485
658543123
659762399
654343064
662528636
650479682
649612714
660384502
657882580
639064854
646701450
635488987
643264444
635624328
638416513
638969118
631547071
637828494
633428465
625162630
629822760
629012251
630603601
635026232
618217301
625856013
614533883
628063538
619101408
617557347
612636095
606905504
617264832
617714865
625826782
612522153
607808076
608378420
605063445
609890404
600675573
603005077
610006108
609597924
593177672
600939392
599625491
602419995
595709578
602159375
602799776
594189898
595389390
591657207
593895938
599177881
596171776
601880886
593281353
600269609
587946260
584742634
594840737
580631133
576816348
584836748
582839147
599467428
587666583
582851175
582005418
585603334
587140808
575563814
583633655
585457521
570602873
572817777
577274319
573096855
571360013
577017213
568831255
579030748
573953624
568369624
574124693
580725536
578462178
587870177
580052572
572580770
567005134
576890860
569513723
574222318
564381407
574612436
576992575
574467666
577728683
568157944
567518908
574026332
576859264
571688479
574833756
568837220
573877983
566831104
567765191
567378956
573473625
569569490
575352894
574481362
576449974
573015651
567462803
567938249
578009068
574332603
576571489
574233610
564097217
574453402
569426308
576625995
566474738
572106613
579719341
588557396
577886534
580767424
574086210
568134647
574585040
579214437
568770609
578222356
571818440
572479911
577243710
573032310
570658093
585151080
583694096
575991404
587191735
585703184
582042003
582620631
588065495
599382620
582656444
584963021
577102691
580761404
594904567
585107448
587896451
600614465
593123817
600148464
596844253
599019276
593698880
590745642
596230978
594523849
602868342
602056140
595328818
602242036
599626849
599141705
592474777
609251885
609780148
602380483
601149665
609469282
605482694
608654179
608496356
611929948
625602706
617225858
618043044
606942019
612569154
617157973
619447752
628503334
614891297
625820467
618065614
634610626
630586293
628121763
629943801
624565673
633498162
637457616
631054722
639716947
638518118
634598235
642643180
635671235
646408629
638053589
658059201
660427764
649295882
651376372
662511387
654526847
659928435
658472828
668694147
665063832
654765707
669779163
671432299
669239749
678907526
672616185
679290589
673883488
688941794
687519335
683048955
682236000
697296991
688636892
701945435
704873208
701882113
706511912
705234093
712737685
719318917
720120294
715329250
718050391
716569668
729487559
733682390
738269418
739021895
737979858
745899145
891165207
792427640
753726133
752910745
754157961
768539583
758821782
764420398
767928400
768085208
775155952
777718360
777708998
780239246
782830619
779821692
795455782
796740445
802120574
800064393
796906942
822528099
817807394
812245908
835335197
830040931
827283756
836983115
838267141
844771071
859333736
847547884
874783989
854812087
873917874
874738010
881608953
881978612
881616031
892254340
890121168
909119453
913300270
917443051
919906401
923096720
925877880
921817194
942159508
949405857
938240275
952177784
956587017
972800668
973983606
980606888
993135693
997729150
1011169489
1018123882
1015265726
1037280883
1035541349
1039157502
1040996530
1061237861
1064241957
1058636946
1072662200
1083198075
1103793782
1098354927
1109301993
1122436232
1120259868
1131025900
1144053838
1163804053
1171673275
1176521395
1197808577
1195449091
1227464157
1211060297
1235930935
1245344513
1247212532
1268391588
1270137236
1287723429
1298840458
1315565358
1320226163
1345169624
1352390952
1365400330
1364738128
1395439777
1417169852
1417059081
1423227552
1459886719
1456134188
1483549247
1486988780
1503810014
1535022036
1539319288
1573229071
1575021024
1592254094
1606720193
1616620684
1658370523
1661243268
1688111099
1720400656
1750430202
1773454234
1828231432
1850954599
1932227945
2211478851
11658007422
2832939433
2078246029
2020455960
2003693073
1999136218
2044291576
2060071363
2079824738
2095874579
2151584291
2177411228
2204523314
2246850444
2282233632
2324584795
2339279342
2357976575
2423279913
2458526160
2507163532
2548178513
2601304208
2623279132
2668199131
2704988480
2773874830
2819257040
2868210497
2933087438
2966268095
3028717075
3092553637
3138454878
3225013464
3280213901
3329926001
3417258060
3481454385
3553503186
3616270443
3707064169
3802918301
3883770450
3974781105
4035081698
4157596954
4244000344
4349925396
4458375783
4570073446
4673405346
4812605944
4924542442
5062111279
5223717747
5356504869
5501279285
5629164372
5788905971
6029504865
6169391848
6385753290
6570262093
6770737392
7000615606
7235995164
7427935782
7753586618
7978976739
8265204478
8569210755
8890719780
9215503398
9591779805
9974791635
10401422636
10808473918
11276158647
11781069205
12329669313
12870753885
13507990088
14156416490
14884897618
15615283813
16409346274
17354377155
18324598628
19436959019
20543196289
21826386213
23271428939
24718875692
26471358792
28356583942
30401740501
32792756919
35314596001
38355538106
41628648413
45567592838
49882165113
54876261481
60746253161
67462650473
75474130202
85232200683
96800584563
110853325586
128235518900
150179120811
178468386477
215172820222
264770548693
333811135880
434401683827
587524715598
839386983087
1295868989596
2259838448461
4897268702153
17567514348639
1566436359003854
28275371092784
6208488562947
2647778604154
1459602933385
922938688172
635727967278
464736989415
354310923188
279210231651
225657126791
186414941424
156280791809
133147316765
114631706415
99907405231
87772890368
77674065960
69368893250
62363622230
56251048630
51082671920
46609254114
42661024854
39180191471
36130770500
33470714924
31113613597
28876271382
26986114303
25330836742
23781728081
22356555886
21071965208
19858458371
18791581913
17805257704
16867968121
16045807141
15320084843
14575874074
13892305324
13288548851
12731893815
12192658256
11661283972
11242074361
10803379162
10388264853
9963246704
9654947488
9354673705
8932689088
8670234597
8392301373
8150912168
7882891840
7581367824
7388713520
7209533475
6993397151
6785310490
6640731911
6466595968
6276361402
6062628762
5999821843
5826150558
5712127837
5553289240
5432376346
5333750741
5206164037
5100778820
5014704622
4887282705
4795622473
4721950936
4668940520
4525076555
4447947260
4385458979
4328661407
4281145138
4197513506
4148090748
4044752482
4036863483
3976120701
3891337549
3881941217
3821642455
3755379319
3708695961
3675664749
3662332819
3605550700
3554771512
3542320540
3501480933
3469026992
3442731482
3398828641
3411232124
3376298466
3321056926
3314649320
3285853427
3300398282
3274613083
3254211120
3238741447
3224717274
3187054515
3198721976
3197848812
3197005140
3176363856
3223606679
3210625752
3262757280
3481908239
5088945483
