-709
934
956
-685
-912
691
1130
-435
-1050
423
1242
-141
-1120
123
1266
156
-1125
-173
1229
460
-1041
-452
1111
727
-894
-701
934
955
-687
-902
686
1128
-432
-1054
422
1239
-141
-1127
129
1275
160
-1120
-167
1229
447
-1051
-461
1107
728
-905
-702
936
966
-694
-914
702
1133
-433
-1059
427
1238
-140
-1125
139
1268
158
-1124
-184
1233
454
-1047
-455
1106
729
-898
-709
936
953
-693
-916
703
1133
-437
-1056
426
1238
-139
-1123
123
1272
157
-1127
-165
1228
445
-1049
-463
1115
731
-893
-704
944
956
-692
-911
702
1128
-436
-1053
422
1236
-148
-1124
122
1268
157
-1127
-173
1230
457
-1043
-462
1108
725
-901
-717
933
949
-694
-911
696
1129
-433
-1045
427
1239
-139
-1112
130
1265
157
-1124
-166
1231
452
-1043
-451
1120
733
-899
-707
940
956
-689
-911
705
1133
-433
-1056
431
1231
-138
-1121
125
1279
155
-1122
-169
1226
449
-1047
-455
1119
718
-898
-700
926
948
-682
-909
701
1135
-428
-1063
424
1233
-149
-1119
125
1273
158
-1122
-173
1238
444
-1047
-460
1117
726
-905
-697
930
956
-694
-904
701
1124
-438
-1058
421
1240
-140
-1116
131
1277
153
-1118
-169
1229
443
-1049
-460
1118
728
-897
-695
940
947
-686
-912
698
1130
-430
-1049
424
1239
-141
-1125
133
1272
157
-1120
-160
1228
455
-1049
-450
1119
729
-892
-707
937
955
-696
-906
699
1133
-440
-1046
416
1236
-142
-1124
130
1270
153
-1128
-169
1226
450
-1047
-450
1121
725
-893
-702
941
955
-695
-912
712
1129
-439
-1052
430
1234
-143
-1128
136
1267
159
-1126
-167
1233
457
-1041
-452
1122
726
-892
-703
942
951
-693
-908
709
1121
-432
-1057
430
1242
-145
-1126
133
1271
156
-1124
-169
1229
442
-1046
-460
1119
723
-899
-696
942
959
-683
-912
701
1136
-438
-1049
424
1238
-144
-1126
131
1277
152
-1121
-170
1240
452
-1044
-444
1117
719
-902
-700
944
953
-691
-912
710
1134
-439
-1055
428
1239
-159
-1123
134
1270
150
-1123
-166
1233
453
-1037
-454
1117
723
-904
-712
933
955
-694
-908
697
1118
-433
-1039
423
1233
-139
-1125
140
1270
151
-1125
-166
1228
450
-1053
-451
1123
729
-890
-703
940
949
-692
-898
703
1135
-444
-1047
431
1241
-150
-1116
134
1272
156
-1135
-160
1226
452
-1047
-452
1114
720
-903
-697
939
960
-697
-911
702
1119
-447
-1048
430
1244
-156
-1114
138
1271
151
-1113
-173
1230
456
-1056
-452
1118
727
-897
-696
941
962
-693
-918
707
1126
-440
-1052
430
1245
-145
-1124
138
1272
151
-1127
-172
1231
448
-1056
-452
1117
724
-901
-702
944
956
-694
-908
707
1126
-435
-1052
430
1242
-146
-1126
138
1281
153
-1119
-162
1227
451
-1048
-446
1123
719
-899
-697
938
944
-695
-907
706
1132
-439
-1061
427
1236
-148
-1127
141
1279
151
-1127
-157
1230
444
-1047
-442
1114
716
-904
-704
935
955
-698
-903
712
1139
-438
-1054
427
1246
-150
-1123
142
1277
140
-1120
-159
1234
450
-1055
-456
1123
724
-904
-703
941
948
-693
-906
707
1131
-436
-1050
430
1239
-150
-1125
138
1275
138
-1121
-155
1237
442
-1046
-447
1122
715
-896
-695
942
948
-690
-902
707
1138
-445
-1048
436
1238
-150
-1116
142
1282
151
-1120
-159
1233
447
-1050
-446
1124
723
-896
-697
948
950
-689
-907
713
1123
-439
-1037
435
1236
-151
-1128
132
1272
147
-1128
-167
1235
446
-1039
-442
1122
725
-906
-707
942
954
-698
-902
706
1126
-434
-1043
445
1230
-149
-1120
135
1274
135
-1122
-160
1229
447
-1055
-438
1124
717
-896
-698
945
942
-695
-904
710
1122
-442
-1046
435
1234
-144
-1128
138
1267
136
-1122
-159
1236
446
-1054
-442
1120
725
-897
-689
941
942
-698
-897
710
1114
-450
-1060
448
1230
-150
-1126
138
1274
150
-1119
-160
1231
440
-1050
-444
1122
719
-904
-689
942
952
-696
-901
718
1133
-447
-1050
439
1234
-161
-1119
144
1272
143
-1122
-151
1238
444
-1051
-446
1129
714
-906
-704
944
948
-700
-902
711
1134
-444
-1046
438
1245
-162
-1122
144
1275
145
-1122
-152
1248
445
-1040
-447
1129
718
-903
-698
948
951
-693
-903
705
1129
-450
-1039
436
1235
-154
-1129
137
1272
140
-1116
-156
1239
436
-1042
-445
1127
713
-893
-694
952
937
-703
-907
715
1124
-437
-1042
443
1236
-159
-1114
136
1269
148
-1120
-159
1237
445
-1043
-442
1117
719
-901
-698
954
944
-687
-900
713
1128
-446
-1043
436
1237
-153
-1119
143
1267
141
-1120
-161
1236
442
-1048
-445
1126
719
-905
-696
948
950
-690
-910
714
1133
-452
-1046
437
1242
-162
-1124
153
1275
146
-1110
-155
1243
442
-1043
-436
1128
719
-896
-694
954
948
-698
-905
714
1127
-448
-1045
437
1240
-162
-1120
152
1272
148
-1121
-157
1243
445
-1054
-447
1125
715
-902
-692
947
950
-708
-905
719
1125
-448
-1040
437
1240
-157
-1118
142
1274
147
-1114
-148
1236
444
-1044
-441
1119
705
-903
-698
949
949
-698
-907
717
1121
-448
-1035
441
1239
-159
-1117
145
1272
144
-1125
-145
1225
445
-1051
-445
1122
716
-901
-688
947
949
-704
-901
715
1128
-437
-1040
442
1239
-157
-1124
145
1277
140
-1126
-152
1241
438
-1050
-446
1122
713
-903
-696
947
941
-700
-903
712
1123
-446
-1041
443
1237
-161
-1133
148
1279
147
-1124
-150
1232
435
-1046
-439
1125
715
-904
-691
950
952
-702
-900
717
1122
-458
-1042
446
1231
-160
-1122
147
1277
146
-1128
-154
1246
428
-1052
-429
1122
714
-915
-698
945
952
-702
-909
720
1126
-446
-1037
447
1233
-151
-1119
149
1273
138
-1128
-141
1240
428
-1046
-437
1124
718
